0 0.0
1 0.00612605318023
2 0.00862543131507
3 0.00558116224952
4 0.00142007336349
5 0.00579099688995
6 0.00592209545414
7 0.00632100354561
8 0.00610693461347
9 0.00572032242292
10 0.00583947087535
11 0.00597101801119
12 0.00787392517516
13 0.0124740749568
14 0.00759825262766
15 0.00690149912623
16 0.00521300502576
17 0.00927137042142
18 0.00598695297035
19 0.00776342664037
20 0.00721713392928
21 0.00556522860475
22 0.00600567719895
23 0.00737521993938
24 0.00564151630135
25 0.00788614882432
26 0.00727709082366
27 0.00646458533432
28 0.00644333178971
29 0.00547197232448
30 0.00593203665364
31 0.00793208677743
32 0.00512520498798
33 0.00579174495806
34 0.00709437839381
35 0.00657579771826
36 0.00559242903214
37 0.00614092819396
38 0.00600950894273
39 0.00601463064861
40 0.00570759040132
41 0.00764535420148
42 0.00615906254105
43 0.00659906493936
44 0.0065568835005
45 0.00711217144444
46 0.00647385779672
47 0.00697230259862
48 0.0137334241954
49 0.0061970307125
50 0.00735995379058
51 0.00721875556815
52 0.00668620728666
53 0.00634705364651
54 0.00543963548563
55 0.00540986430967
56 0.00643474649635
57 0.0088076057072
58 0.00900160089789
59 0.00585522614411
60 0.00614303490325
61 0.00658892679472
62 0.00705404261204
63 0.00749811402935
64 0.00496409338206
65 0.00738284502141
66 0.00605035774846
67 0.00739865081097
68 0.00558193105468
69 0.00525823347019
70 0.00520789380801
71 0.00684322666692
72 0.00561451192489
73 0.00525408201497
74 0.00599462296913
75 0.00578603160685
76 0.00872389839966
77 0.00943492134182
78 0.00568817999892
79 0.00603578787858
80 0.0061558400485
81 0.00603231254088
82 0.00552380567602
83 0.00618891966202
84 0.00701197051433
85 0.00568841943686
86 0.00588573307249
87 0.00647247735627
88 0.00595476634956
89 0.00630152833039
90 0.00547998867043
91 0.00515852403302
92 0.00662875922037
93 0.0061986580636
94 0.0060651509725
95 0.00606895983021
96 0.00514822862512
97 0.00603391239851
98 0.00587781519562
99 0.00613265103542
100 0.00841751107447 *** Nouns
101 0.00764030505
102 0.00688204901504
103 0.0
104 0.00736372650153
105 0.00647185701856
106 0.0155584050416 ****** Length (in words)
107 0.00763941227836 
108 0.0109346939185 ***** Upper case 
109 0.00617099066838
110 0.000617015344562
111 0.00683543769016
112 0.00575476038968
113 0.00580415471663
114 0.0056882410767
115 0.00485149129068
116 0.00776378654788
117 0.00978619720289 **** Superlative adjective
118 0.00528457129634
119 0.00503672415107
120 0.00133073688015
121 0.00645208708656
122 0.0063120234188
123 0.00906471743054 **** Proper nouns
124 0.00541739771751
125 0.00467697247331
126 0.00457743355135
127 0.00583988607754
128 0.00609581632853
129 0.00606690856533
130 0.00767726624468
131 0.00542244160896
132 0.00436836184305
133 0.00670836044492
134 0.0017056759819
135 0.00754706874342
136 0.00388459848331
137 0.00884463269112 *** Verb
138 0.00979951025746 **** Verb
139 0.00644732763179
140 0.00721661639023
141 0.0069362055068
142 0.0080119391937 *** Wh
143 0.00734157934603
144 0.0059606064931
145 0.00137533585793
146 0.00595858709862
147 0.00504430289268
148 0.00613976204582
149 0.00702539019248
150 0.00670969886395
151 0.00575618870582
152 0.00490369481542
153 0.00880795188193 *** Modal verbs
154 0.00411689480445
155 0.00650427479455
156 0.0051574980085
Accuracy
0.575797335486
Precision
0.582049306626
Recall
0.597823936696
F1 Score
0.589831170099
Confusion matrix
[[2683 2170]
 [2033 3022]]

